no,code,name,rmse,invest_result,all_invest_result,train_cnt,invest_date
1,006800,미래에셋대우,0.011428862810134888,7701855.812325001,7421890.4045,0,2019.09.16~2020.03.15
2,000660,SK하이닉스,0.03190062567591667,11126211.373489887,10378406.875,0,2019.09.16~2020.03.15
3,015760,한국전력공사,0.023084595799446106,8758268.11278293,8052328.399999999,3,2019.09.16~2020.03.15
4,010140,삼성중공업,0.029628057032823563,5888195.521000002,5888195.521000002,0,2019.09.16~2020.03.15
5,000270,기아자동차,0.007650287356227636,7981348.97295,6932795.2299999995,0,2019.09.16~2020.03.15
6,011200,현대상선,0.03183162584900856,8727980.110749999,8727980.110749999,0,2019.09.16~2020.03.15
7,030200,케이티,0.007077871821820736,8033337.4300000025,8033337.4300000025,2,2019.09.16~2020.03.15
8,005940,NH투자증권,0.020956765860319138,8435107.46605,6977871.0685,0,2019.09.16~2020.03.15
9,005380,현대자동차,0.021043017506599426,6875812.629500002,7401160.9,0,2019.09.16~2020.03.15
10,003530,한화투자증권,0.013266578316688538,6917876.956,6917876.956,0,2019.09.16~2020.03.15
11,003470,유안타증권,0.011194530874490738,7925396.257704619,7843124.375499999,5,2019.09.16~2020.03.15
12,028050,삼성엔지니어링,0.008573440834879875,7740308.897199998,6802461.369999999,0,2019.09.16~2020.03.15
13,005930,삼성전자,0.28867635130882263,10748977.98,10748977.98,0,2019.09.16~2020.03.15
14,003550,LG,0.021698936820030212,8647489.051649995,8786387.620000001,0,2019.09.16~2020.03.15
15,009830,한화솔루션,0.019509978592395782,7700219.376507255,7867666.9,0,2019.09.16~2020.03.15
16,003620,쌍용자동차,0.0016824797494336963,4921541.823499999,4921541.823499999,0,2019.09.16~2020.03.15
17,004020,현대제철,0.0179954431951046,4997008.737500001,4997008.737500001,0,2019.09.16~2020.03.15
18,001740,SK네트웍스,0.015675654634833336,8979775.144,8979775.144,0,2019.09.16~2020.03.15
19,008560,메리츠종금증권,0.01402955036610365,7978628.514852501,6362204.2299999995,0,2019.09.16~2020.03.15
20,001230,동국제강,0.009176192805171013,6354521.437204872,5637519.696250001,0,2019.09.16~2020.03.15
21,000370,한화손해보험,0.01169040147215128,4762582.208499998,4762582.208499998,0,2019.09.16~2020.03.15
22,000720,현대건설,0.017452968284487724,8277741.413825002,6149637.505,0,2019.09.16~2020.03.15
23,001200,유진증권,0.013452180661261082,7733388.438,7733388.438,0,2019.09.16~2020.03.15
24,003410,쌍용양회공업,0.06105073168873787,10555071.630167987,7724301.5879999995,0,2019.09.16~2020.03.15
25,016380,동부제철,0.048356201499700546,8159285.048711314,4116011.3649999998,0,2019.09.16~2020.03.15
26,012330,현대모비스,0.017344029620289803,7668038.949430041,7395853.0,0,2019.09.16~2020.03.15
27,000880,한화,0.015058895573019981,9625576.889224997,6965756.290000001,20,2019.09.16~2020.03.15
28,005490,포스코,0.020366840064525604,7454951.199999999,7454951.199999999,0,2019.09.16~2020.03.15
29,003490,대한항공,0.01877853274345398,8717778.591388468,8976604.419999998,0,2019.09.16~2020.03.15
30,016360,삼성증권,0.012265343219041824,9425431.125871142,8746868.800000003,0,2019.09.16~2020.03.15
31,003540,대신증권,0.01605173759162426,7882676.129550001,7076748.62,0,2019.09.16~2020.03.15
32,001440,대한전선,0.006743376608937979,9065517.399999999,9065517.399999999,0,2019.09.16~2020.03.15
33,006360,GS건설,0.017464688047766685,8045679.960003426,6300889.350000001,0,2019.09.16~2020.03.15
34,000680,LS네트웍스,0.0029395956080406904,7325455.929999998,7325455.929999998,0,2019.09.16~2020.03.15
35,009150,삼성전기,0.03877044841647148,11376006.795577686,11722985.545,0,2019.09.16~2020.03.15
36,006400,삼성SDI,0.027580320835113525,9947530.275129782,11914484.950000001,0,2019.09.16~2020.03.15
37,009540,한국조선해양,0.01414449978619814,8125893.03873944,7140246.215000001,0,2019.09.16~2020.03.15
38,010050,우리종금,0.0031837497372180223,7600020.524799999,7600020.524799999,0,2019.09.16~2020.03.15
39,000540,흥국화재,0.006674301810562611,9182809.184203103,7522543.0115,36,2019.09.16~2020.03.15
40,000400,롯데손해보험,0.01141289621591568,6736328.82025,6736328.82025,0,2019.09.16~2020.03.15
41,030210,KTB투자증권,0.014362272806465626,7742625.949323797,7738045.7075,0,2019.09.16~2020.03.15
42,012630,HDC,0.02060198411345482,7024253.1500903005,6404329.324,0,2019.09.16~2020.03.15
43,010950,S-Oil,0.025104498490691185,6827073.829999998,5766287.300000003,0,2019.09.16~2020.03.15
44,012450,한화에어로스페이스,0.029749274253845215,6737398.080674998,5781623.585000001,0,2019.09.16~2020.03.15
45,001510,SK증권,0.014323463663458824,8236362.874299999,8236362.874299999,0,2019.09.16~2020.03.15
46,004150,한솔홀딩스,0.010696242563426495,6859412.8255,6775616.573749998,0,2019.09.16~2020.03.15
47,000990,DB하이텍,0.028135569766163826,10109586.21888972,14472300.700000001,0,2019.09.16~2020.03.15
48,001430,세아베스틸,0.008415351621806622,5258371.5594999995,5258371.5594999995,0,2019.09.16~2020.03.15
49,000210,대림산업,0.015715673565864563,8632079.435454296,6459895.53,0,2019.09.16~2020.03.15
50,016610,DB금융투자,0.021289078518748283,8638610.489645002,6716836.4224999985,0,2019.09.16~2020.03.15
51,014100,메디앙스,0.026480695232748985,7260358.867770851,8630337.695,23,2019.09.16~2020.03.15
52,000590,CS홀딩스,0.010048053227365017,10464173.233962813,8342161.2299999995,0,2019.09.16~2020.03.15
53,024120,KB오토시스,0.024612514302134514,10322214.682357514,9108790.7405,0,2019.09.16~2020.03.15
54,002270,롯데푸드,0.020640093833208084,9901592.352974858,6898012.1000000015,0,2019.09.16~2020.03.15
55,025890,한국주강,0.00888823438435793,6874931.81775,6874931.81775,0,2019.09.16~2020.03.15
56,003240,태광산업,0.028092853724956512,6627512.864000003,6213086.800000001,0,2019.09.16~2020.03.15
57,005190,동성화학,0.02150571160018444,9950296.216387974,8939551.1475,0,2019.09.16~2020.03.15
58,006110,삼아알미늄,0.012579002417623997,10689733.751042334,7614639.64,0,2019.09.16~2020.03.15
59,006920,모헨즈,0.024775288999080658,8945073.39718244,7971715.336,0,2019.09.16~2020.03.15
60,012790,신일제약,0.01880030333995819,7241174.212030654,7648767.1614999985,0,2019.09.16~2020.03.15
61,001070,대한방직,0.02956567518413067,10533260.086000001,11648467.2625,0,2019.09.16~2020.03.15
62,011390,부산산업,0.07307329773902893,7789518.109272291,6288615.125000001,0,2019.09.16~2020.03.15
63,011560,세보엠이씨,0.046344347298145294,9371220.549457306,6066767.102500001,0,2019.09.16~2020.03.15
64,008110,대동전자,0.01990359090268612,11246696.81120761,8879540.292499999,0,2019.09.16~2020.03.15
65,025540,한국단자공업,0.02686574123799801,9536067.16719911,6041823.899999999,0,2019.09.16~2020.03.15
66,001210,금호전기,0.005730370059609413,8766424.802052232,10130728.881000001,0,2019.09.16~2020.03.15
67,021820,세원정공,0.02801925130188465,10000000.0,10000000.0,0,2019.09.16~2020.03.15
68,008870,금비,0.011455163359642029,8779052.914050002,7847079.625,55,2019.09.16~2020.03.15
69,024940,PN풍년,0.008396399207413197,6561193.249,6561193.249,0,2019.09.16~2020.03.15
70,005670,푸드웰,0.02498997561633587,10323950.130741334,7153067.920499999,0,2019.09.16~2020.03.15
71,010640,진양폴리우레탄,0.010840073227882385,10000000.0,11463676.72675,0,2019.09.16~2020.03.15
72,007340,디티알오토모티브,0.02631491795182228,9120753.412549991,8239115.9799999995,1,2019.09.16~2020.03.15
73,032960,동일기연,0.029748763889074326,8795444.395687854,7319617.523999999,88,2019.09.16~2020.03.15
74,034810,해성산업,0.00935723353177309,8618731.30420354,8104498.858000003,0,2019.09.16~2020.03.15
75,015540,쎌마테라퓨틱스,0.044478680938482285,11060866.572266484,5968540.8999999985,0,2019.09.16~2020.03.15
76,023150,MH에탄올,0.003028053557500243,10524738.3193491,18052798.156000003,8,2019.09.16~2020.03.15
77,005800,신영와코루,0.01887108013033867,10157479.331345515,7699433.55,0,2019.09.16~2020.03.15
78,017650,대림제지,0.019156241789460182,10875575.857684057,10211793.746000001,0,2019.09.16~2020.03.15
79,008830,대동기어,0.1836892068386078,7013324.453749999,7013324.453749999,0,2019.09.16~2020.03.15
80,003920,남양유업,0.019034281373023987,7704909.5,7704909.5,0,2019.09.16~2020.03.15
81,005300,롯데칠성음료,0.05919817090034485,9550955.170915054,6994474.149999999,0,2019.09.16~2020.03.15
82,025950,동신건설,0.0038057700730860233,12129153.501159975,9076241.442999998,0,2019.09.16~2020.03.15
83,001460,BYC,0.012419597245752811,8620508.869000003,7780869.875000001,2,2019.09.16~2020.03.15
84,024830,세원물산,0.02289915829896927,10000000.0,10000000.0,0,2019.09.16~2020.03.15
85,001080,만호제강,0.005206547677516937,7793364.472900001,7605718.48,0,2019.09.16~2020.03.15
86,013720,청보산업,0.044168662279844284,9397283.419336347,8281900.547000001,0,2019.09.16~2020.03.15
87,006660,삼성공조,0.022678619250655174,9247372.635713894,7129748.687499998,0,2019.09.16~2020.03.15
88,009620,삼보산업,0.023520510643720627,3912863.917750001,3912863.917750001,0,2019.09.16~2020.03.15
89,001420,태원물산,0.005595281720161438,7771808.870653886,8124418.495,0,2019.09.16~2020.03.15
90,030270,에스마크,0.01771806925535202,10000000.0,10000000.0,0,2019.09.16~2020.03.15
91,023790,동일철강,0.0009493333054706454,4893047.623834999,5249259.32875,0,2019.09.16~2020.03.15
92,018120,진로발효,0.00796362105756998,11038428.892425004,9670050.924999997,0,2019.09.16~2020.03.15
93,004090,한국석유공업,0.031234361231327057,8427673.625949098,6240972.7,0,2019.09.16~2020.03.15
94,026910,광진실업,0.004414641764014959,7976781.606348065,5888439.121000001,0,2019.09.16~2020.03.15
95,023450,동남합성,0.08003745973110199,10000000.0,11558055.099999998,0,2019.09.16~2020.03.15
96,000440,중앙에너비스,0.014098833315074444,10760570.872751856,9648608.1865,0,2019.09.16~2020.03.15
97,032750,삼진,0.019838083535432816,7895680.68114858,6510708.865999999,0,2019.09.16~2020.03.15
98,002600,조흥,0.01739916019141674,10364689.979289385,8606695.75,1,2019.09.16~2020.03.15
99,023910,대한약품,0.03144931048154831,8890736.92134578,8270057.599999999,0,2019.09.16~2020.03.15
100,007540,샘표,0.03224881738424301,9638408.31516408,7000979.77,0,2019.09.16~2020.03.15
